4371110 41 26787 280 4398218 119 msec
4613307 0 23123 0 4636430 108 msec
2985963 0 14631 2 3000596 69 msec
6295267 0 31606 0 6326873 122 msec
3391543 0 14568 21 3406132 59 msec
5315997 0 23459 0 5339456 90 msec
3043564 0 14405 13 3057982 54 msec
4258923 0 19531 0 4278454 67 msec
2996842 0 15992 136 3012970 49 msec
4010475 0 19008 0 4029483 63 msec
3846292 0 19371 86 3865749 58 msec
4219729 0 20338 0 4240067 62 msec
3293498 0 16159 0 3309657 52 msec
3290724 0 13506 0 3304230 49 msec
2733867 0 15372 82 2749321 42 msec
3126718 0 18061 0 3144779 49 msec
3224248 0 16903 3 3241154 48 msec
3257664 0 19394 0 3277058 50 msec
2835770 0 15450 29 2851249 44 msec
3150893 0 17083 1 3167977 54 msec
2733930 0 13483 14 2747427 43 msec
2763196 0 15344 0 2778540 41 msec
3586691 0 18037 49 3604777 53 msec
2716562 0 13779 0 2730341 41 msec
3224860 0 17781 365 3243006 49 msec
2878433 0 15930 0 2894363 48 msec
2688775 0 15057 686 2704518 42 msec
3157117 0 16209 0 3173326 53 msec
2569869 0 12449 126 2582444 41 msec
3519298 0 17272 0 3536570 53 msec
2973805 0 16612 173 2990590 49 msec
2686037 0 13232 0 2699269 43 msec
1879003 0 11280 156 1890439 31 msec
2822162 0 16163 0 2838325 46 msec
2256671 0 14012 131 2270814 37 msec
3659727 0 24469 0 3684196 54 msec
2353160 0 13530 20 2366710 42 msec
2393595 0 13340 0 2406935 39 msec
2193562 0 12540 27 2206129 38 msec
2818579 0 17348 0 2835927 45 msec
3075333 0 17178 507 3093018 47 msec
2937120 0 15486 0 2952606 47 msec
3056999 0 17089 30 3074118 49 msec
3139386 0 18192 0 3157578 50 msec
2858451 0 17660 350 2876461 47 msec
3400552 0 20353 0 3420905 53 msec
3165978 0 16284 7 3182269 52 msec
2299400 0 13294 1 2312695 38 msec
3598988 0 18917 25 3617930 55 msec
2597418 0 13036 0 2610454 45 msec
3437555 0 17465 45 3455065 53 msec
2873894 0 14872 0 2888766 48 msec
3072306 0 15159 255 3087720 46 msec
2542608 0 12856 0 2555464 40 msec
2353864 0 15323 1014 2370201 39 msec
2647706 0 14554 0 2662260 40 msec
2836893 0 17483 981 2855357 45 msec
3083086 0 16095 0 3099181 48 msec
2880474 0 15988 46 2896508 47 msec
2547732 0 13712 0 2561444 39 msec
3100524 0 18894 26 3119444 51 msec
3146079 0 17704 0 3163783 47 msec
3329971 0 19054 39 3349064 55 msec
2527856 0 12392 0 2540248 38 msec
2302743 0 12395 209 2315347 37 msec
2764828 0 16086 0 2780914 42 msec
2755585 0 15833 39 2771457 47 msec
2820797 0 17348 0 2838145 45 msec
2699474 0 15365 64 2714903 45 msec
2592227 0 13464 0 2605691 40 msec
2846301 0 14795 13 2861109 48 msec
2358935 0 11857 0 2370792 39 msec
3151814 0 17737 360 3169911 49 msec
3846378 0 19566 0 3865944 59 msec
3587558 0 17095 75 3604728 60 msec
4398774 0 22519 0 4421293 65 msec
3072517 0 15430 34 3087981 47 msec
2400298 0 13063 0 2413361 39 msec
3422490 0 17954 149 3440593 56 msec
2954723 0 13660 0 2968383 48 msec
3740049 0 16758 18 3756825 56 msec
2640284 0 12838 0 2653122 44 msec
3328786 0 16222 151 3345159 51 msec
2845983 0 12555 0 2858538 45 msec
3135502 0 16814 314 3152630 50 msec
2776042 0 12125 0 2788167 45 msec
3976917 0 20250 3 3997170 61 msec
2423450 0 12282 0 2435732 37 msec
3910673 0 18466 26 3929165 56 msec
2284211 0 11371 0 2295582 37 msec
2872534 0 11988 11 2884533 46 msec
2869847 0 11864 0 2881711 47 msec
3568672 0 17742 74 3586488 53 msec
2814283 0 13035 0 2827318 45 msec
3861390 0 19282 108 3880780 58 msec
2951244 0 15062 0 2966306 46 msec
4362323 0 20948 89 4383360 63 msec
2533481 0 10267 0 2543748 40 msec
3301801 0 17125 73 3318999 53 msec
2087915 0 10704 0 2098619 34 msec
3750013 0 20689 664 3771366 59 msec
2980303 0 15782 0 2996085 45 msec
3888009 0 20028 13 3908050 61 msec
2766289 0 15671 0 2781960 43 msec
4317666 0 20259 36 4337961 69 msec
3326889 0 15920 0 3342809 53 msec
4634556 0 24203 397 4659156 68 msec
3135478 0 15346 0 3150824 51 msec
5942447 0 25645 74 5968166 87 msec
3155532 0 14907 0 3170439 51 msec
5813371 0 28599 220 5842190 88 msec
2786591 0 12707 0 2799298 45 msec
5396468 0 25571 102 5422141 82 msec
2790545 0 12123 0 2802668 44 msec
5813600 0 28158 165 5841923 85 msec
3421965 0 14833 0 3436798 54 msec
5492693 0 28382 152 5521227 81 msec
3463170 0 15337 0 3478507 52 msec
4877707 0 24580 250 4902537 73 msec
4095707 0 17032 0 4112739 64 msec
6072671 0 30507 362 6103540 88 msec
4148486 0 17797 0 4166283 63 msec
5755749 0 29609 301 5785659 88 msec
4368936 0 21191 0 4390127 69 msec
5802343 0 27918 110 5830371 89 msec
4736661 0 20457 0 4757118 72 msec
6124161 0 30034 207 6154402 91 msec
3860448 0 16825 0 3877273 58 msec
4761812 0 26485 58 4788355 71 msec
4091780 0 20448 0 4112228 59 msec
5193161 0 24392 337 5217890 82 msec
3769000 0 13101 0 3782101 58 msec
5853810 0 29232 225 5883267 86 msec
4421504 0 20854 0 4442358 67 msec
6678303 0 32090 195 6710588 101 msec
4030091 0 16963 0 4047054 60 msec
6024947 0 30551 1137 6056635 94 msec
4392331 0 20223 0 4412554 67 msec
5867470 0 31584 179 5899233 91 msec
4376644 0 19820 0 4396464 67 msec
5322135 0 26214 107 5348456 77 msec
4189041 0 19871 0 4208912 65 msec
5683483 0 29581 72 5713136 84 msec
4635062 0 21193 0 4656255 70 msec
6757006 0 39139 343 6796488 100 msec
4342191 0 19859 0 4362050 65 msec
5308576 0 29580 370 5338526 78 msec
4880522 0 26047 0 4906569 74 msec
4578593 0 25502 151 4604246 71 msec
4832206 0 24840 0 4857046 70 msec
5001781 0 24870 100 5026751 72 msec
4238416 0 19834 0 4258250 63 msec
5325036 0 28303 113 5353452 78 msec
4696257 0 22801 0 4719058 69 msec
4938667 0 24434 48 4963149 75 msec
4442360 0 17995 0 4460355 66 msec
5471499 0 26612 28 5498139 85 msec
4460961 0 19308 0 4480269 67 msec
5488080 0 31315 339 5519734 81 msec
4863760 0 25788 0 4889548 76 msec
5435639 0 27658 111 5463408 82 msec
5194973 0 23326 0 5218299 79 msec
5432048 0 28071 1319 5461438 80 msec
5225264 0 23574 0 5248838 75 msec
5389705 0 30345 372 5420422 85 msec
4265956 0 19880 0 4285836 67 msec
5041335 0 27128 83 5068546 76 msec
5067566 0 24642 0 5092208 76 msec
5012304 0 31435 1720 5045459 73 msec
5006899 0 23222 0 5030121 74 msec
5961233 0 27711 28 5988972 89 msec
6028739 0 26238 0 6054977 92 msec
4978820 0 25474 358 5004652 78 msec
5387622 0 24474 0 5412096 82 msec
5458190 0 29846 311 5488347 82 msec
5644134 0 28051 0 5672185 84 msec
5165666 0 25032 239 5190937 80 msec
5512676 0 23979 0 5536655 81 msec
5197952 0 24555 127 5222634 83 msec
6118889 0 26785 0 6145674 92 msec
5364030 0 24589 1180 5389799 81 msec
5808359 0 26238 0 5834597 87 msec
5369895 0 27660 556 5398111 81 msec
5850517 0 23823 0 5874340 89 msec
5065627 0 24307 76 5090010 76 msec
5705832 0 24508 0 5730340 84 msec
5556935 0 26902 537 5584374 87 msec
5462559 0 21156 0 5483715 80 msec
4968672 0 27280 305 4996257 75 msec
5671085 0 28086 0 5699171 85 msec
4990881 0 25072 192 5016145 75 msec
5687610 0 26961 0 5714571 85 msec
5222680 0 27101 159 5249940 79 msec
5390881 0 25065 0 5415946 79 msec
4945102 0 26566 547 4972215 72 msec
5818668 0 28171 0 5846839 86 msec
5253834 0 28571 815 5283220 79 msec
5526880 0 26455 0 5553335 86 msec
5120161 0 27593 91 5147845 80 msec
5586121 0 26772 0 5612893 84 msec
4719868 0 27381 1949 4749198 71 msec
5353929 0 22030 0 5375959 83 msec
4450569 0 22201 0 4472770 68 msec
5522827 0 26128 0 5548955 85 msec
4609481 0 24148 531 4634160 68 msec
5463060 0 25230 0 5488290 79 msec
4404778 0 23575 411 4428764 67 msec
5103583 0 23630 0 5127213 76 msec
4681773 0 22664 290 4704727 71 msec
5443404 0 25831 0 5469235 80 msec
4426722 0 23348 117 4450187 67 msec
5847190 0 27810 0 5875000 90 msec
4406842 0 22085 34 4428961 67 msec
5770909 0 27626 0 5798535 86 msec
3754978 0 20312 38 3775328 59 msec
5297659 0 27248 0 5324907 77 msec
3998088 0 24885 1038 4024011 60 msec
5562523 0 30028 0 5592551 84 msec
3445398 0 24115 576 3470089 55 msec
5820925 0 33458 0 5854383 86 msec
3770907 0 21214 364 3792485 62 msec
6067480 0 30278 0 6097758 91 msec
4094520 0 20585 67 4115172 65 msec
5850960 0 30693 0 5881653 91 msec
5596059 0 30631 470 5627160 86 msec
5194793 0 23634 0 5218427 78 msec
5756773 0 31545 317 5788635 85 msec
5516506 0 25866 0 5542372 87 msec
5465227 0 24631 118 5489976 81 msec
4966084 0 20657 0 4986741 72 msec
5767226 0 28323 167 5795716 84 msec
3676170 0 16890 0 3693060 56 msec
6377099 0 29850 124 6407073 94 msec
5777781 0 23466 0 5801247 85 msec
5711120 0 26267 41 5737428 82 msec
5108078 0 22099 0 5130177 73 msec
5033865 0 25669 25 5059559 75 msec
5821322 0 28241 0 5849563 86 msec
5759917 0 27444 116 5787477 86 msec
6040732 0 25183 0 6065915 88 msec
3801343 0 19298 71 3820712 56 msec
5975151 0 25972 0 6001123 91 msec
4505326 0 22104 2 4527432 70 msec
5423401 0 20498 0 5443899 80 msec
5651963 0 28337 66 5680366 86 msec
5973031 0 26726 0 5999757 86 msec
5325638 0 27388 99 5353125 82 msec
5391282 0 25197 0 5416479 79 msec
6012915 0 27960 146 6041021 87 msec
4035580 0 17412 0 4052992 65 msec
5847943 0 28109 5 5876057 90 msec
3424744 0 15375 0 3440119 55 msec
5804617 0 29469 451 5834537 85 msec
3588566 0 14934 0 3603500 55 msec
5683308 0 29070 118 5712496 86 msec
3836535 0 17843 0 3854378 58 msec
5366280 0 23694 35 5390009 80 msec
3889651 0 16758 0 3906409 64 msec
5849371 0 29102 54 5878527 88 msec
4482678 0 20425 0 4503103 66 msec
5690418 0 27722 91 5718231 86 msec
4526768 0 19651 0 4546419 66 msec
5487105 0 28384 25 5515514 87 msec
4432612 0 23156 0 4455768 68 msec
5005459 0 24783 67 5030309 74 msec
4785232 0 21449 0 4806681 73 msec
5393846 0 23061 30 5416937 80 msec
4464070 0 18493 0 4482563 69 msec
5559178 0 26212 22 5585412 80 msec
4537796 0 20808 0 4558604 70 msec
5337345 0 26594 27 5363966 77 msec
4935253 0 22310 0 4957563 72 msec
5687541 0 26841 4 5714386 84 msec
5115112 0 22528 0 5137640 76 msec
5471961 0 28959 222 5501142 83 msec
5110352 0 24715 0 5135067 73 msec
5645426 0 31817 206 5677449 83 msec
5110524 0 25960 0 5136484 74 msec
5630441 0 31812 286 5662539 86 msec
5151539 0 24114 0 5175653 75 msec
5623711 0 29575 91 5653377 85 msec
4992608 0 24199 0 5016807 72 msec
5815131 0 28172 24 5843327 91 msec
5127696 0 23003 0 5150699 74 msec
5541077 0 27448 157 5568682 81 msec
5288422 0 24271 0 5312693 79 msec
5344409 0 28903 423 5373735 82 msec
5273378 0 25727 0 5299105 76 msec
6062304 0 33252 574 6096130 88 msec
5421037 0 25701 0 5446738 78 msec
5872781 0 33245 484 5906510 87 msec
5290606 0 24153 0 5314759 79 msec
6063164 0 29420 192 6092776 89 msec
4973349 0 22321 0 4995670 73 msec
5605176 0 30217 167 5635560 80 msec
5158055 0 25758 0 5183813 76 msec
5272857 0 26855 146 5299858 79 msec
5656573 0 26491 0 5683064 86 msec
5593362 0 27994 14 5621370 84 msec
4903152 0 24168 0 4927320 72 msec
6044825 0 34560 371 6079756 89 msec
6032145 0 31806 0 6063951 88 msec
4945686 0 30460 1101 4977247 74 msec
4997589 0 27082 0 5024671 78 msec
4495069 0 28048 301 4523418 72 msec
5142483 0 24494 0 5166977 77 msec
4737641 0 26377 54 4764072 74 msec
5299911 0 27435 0 5327346 76 msec
5246598 0 26391 142 5273131 78 msec
5317576 0 24052 0 5341628 83 msec
5134748 0 32897 976 5168621 76 msec
5408093 0 26030 0 5434123 81 msec
4656472 0 22785 70 4679327 69 msec
5403413 0 24473 0 5427886 77 msec
4546101 0 25627 299 4572027 67 msec
5712646 0 28382 0 5741028 83 msec
4525447 0 25109 117 4550673 72 msec
5011200 0 24868 0 5036068 74 msec
4619905 0 27884 97 4647886 69 msec
5268027 0 28442 0 5296469 77 msec
4073531 0 21018 193 4094742 62 msec
5010444 0 22397 0 5032841 76 msec
5205916 0 31144 219 5237279 79 msec
4380558 0 22878 0 4403436 69 msec
4688846 0 26832 225 4715903 72 msec
5589955 0 27401 0 5617356 81 msec
4314358 0 25233 169 4339760 63 msec
6897850 0 38836 0 6936686 102 msec
4720079 0 25995 132 4746206 74 msec
5464679 0 27719 0 5492398 82 msec
4089835 0 21243 730 4111808 61 msec
5338468 0 24317 0 5362785 80 msec
4184287 0 25320 448 4210055 66 msec
5886356 0 31973 0 5918329 84 msec
4548202 0 23342 377 4571921 70 msec
6177405 0 29930 0 6207335 89 msec
4071523 0 21578 74 4093175 62 msec
6472567 0 33484 0 6506051 96 msec
4295333 0 24394 219 4319946 66 msec
5838532 0 28946 0 5867478 86 msec
3879614 0 21563 26 3901203 59 msec
5015516 0 22820 0 5038336 71 msec
4009924 0 25413 322 4035659 62 msec
4764684 0 25379 0 4790063 73 msec
3995245 0 19910 247 4015402 61 msec
6367071 0 31754 0 6398825 93 msec
4875067 0 22489 36 4897592 72 msec
5774481 0 24995 0 5799476 83 msec
4086658 0 19612 50 4106320 61 msec
6036168 0 30144 0 6066312 89 msec
4106820 0 22111 28 4128959 59 msec
5851819 0 29673 0 5881492 88 msec
4100325 0 19809 49 4120183 61 msec
4966089 0 22449 0 4988538 73 msec
3387295 0 17525 164 3404984 54 msec
5377947 0 28553 0 5406500 80 msec
3259464 0 15696 38 3275198 52 msec
5655072 0 27736 0 5682808 85 msec
2883058 0 16424 356 2899838 44 msec
5401323 0 28627 2 5429952 78 msec
2439881 0 14572 18 2454471 40 msec
6122145 0 37624 0 6159769 94 msec
3688577 0 20218 72 3708867 56 msec
5669474 0 29986 0 5699460 80 msec
3025816 0 18418 565 3044799 46 msec
4722114 0 25630 0 4747744 70 msec
3007764 0 16280 55 3024099 45 msec
4210906 0 23899 1 4234806 65 msec
2938614 0 17379 159 2956152 46 msec
3801279 0 20103 0 3821382 57 msec
2699736 0 15514 749 2715999 46 msec
3633104 0 19567 0 3652671 55 msec
2311059 0 13432 239 2324730 38 msec
3407321 0 20047 0 3427368 55 msec
2633665 0 13824 64 2647553 44 msec
4462095 0 22339 0 4484434 67 msec
2884442 0 20683 2112 2907237 44 msec
3765711 0 20294 0 3786005 55 msec
2569724 0 16160 226 2586110 41 msec
3195500 0 16803 0 3212303 51 msec
3089513 0 24681 1585 3115779 51 msec
3214545 0 16418 0 3230963 49 msec
2228205 0 13022 152 2241379 35 msec
3934193 0 23888 0 3958081 61 msec
2328555 0 12226 53 2340834 36 msec
4177693 0 24755 0 4202448 61 msec
2845567 0 15636 66 2861269 47 msec
2819406 0 16674 0 2836080 46 msec
2847721 0 15870 359 2863950 44 msec
3661578 0 19213 0 3680791 54 msec
2483231 0 13581 90 2496902 38 msec
3470369 0 19769 0 3490138 52 msec
3137285 0 17820 18 3155123 48 msec
3585767 0 20425 0 3606192 55 msec
2380704 0 13177 53 2393934 41 msec
2962559 0 18346 0 2980905 49 msec
4610476 0 28408 121 4639005 68 msec
3379651 0 19050 0 3398701 52 msec
3554911 0 19059 47 3574017 56 msec
3341927 0 16113 0 3358040 52 msec
2501004 0 14463 478 2515945 38 msec
2602662 0 15738 0 2618400 41 msec
2436742 0 12349 15 2449106 37 msec
2832934 0 16109 0 2849043 48 msec
3252283 0 16489 28 3268800 51 msec
2660642 0 14479 0 2675121 44 msec
2369643 0 13537 190 2383370 38 msec
2401339 0 11732 0 2413071 36 msec
2748689 0 13068 124 2761881 42 msec
3507630 0 15876 0 3523506 58 msec
2924839 0 15135 195 2940169 45 msec
2979373 0 13843 0 2993216 52 msec
2681764 0 16825 797 2699386 43 msec
2954668 0 15527 0 2970195 45 msec
3001236 0 18678 397 3020311 54 msec
2833617 0 13552 0 2847169 45 msec
2656800 0 14831 165 2671796 41 msec
2214943 0 11495 0 2226438 36 msec
2477477 0 13493 24 2490994 43 msec
3085881 0 17488 0 3103369 47 msec
3104660 0 15984 82 3120726 50 msec
3446417 0 16999 0 3463416 54 msec
2399002 0 13125 181 2412308 39 msec
3506543 0 18419 0 3524962 54 msec
2273499 0 13307 47 2286853 42 msec
3270250 0 17602 0 3287852 51 msec
3846991 0 24088 2395 3873474 61 msec
2788033 0 13231 0 2801264 46 msec
2743609 0 15384 51 2759044 42 msec
3229828 0 17997 0 3247825 50 msec
2911022 0 15320 24 2926366 48 msec
2639202 0 15751 0 2654953 41 msec
2710729 0 13758 16 2724503 44 msec
2352934 0 13787 0 2366721 39 msec
2537391 0 13907 226 2551524 40 msec
2275073 0 11699 0 2286772 36 msec
4067848 0 20689 17 4088554 61 msec
2285617 0 11179 0 2296796 36 msec
2246337 0 12828 62 2259227 38 msec
1763685 0 11038 0 1774723 32 msec
2873734 0 16984 152 2890870 47 msec
3017212 0 15940 0 3033152 46 msec
3476431 0 17679 56 3494166 54 msec
2951730 0 13127 0 2964857 46 msec
3117990 0 15245 42 3133277 50 msec
2417595 0 11585 0 2429180 36 msec
2893585 0 14562 209 2908356 45 msec
3393935 0 17745 0 3411680 55 msec
2841644 0 15108 60 2856812 47 msec
3568139 0 17129 0 3585268 55 msec
2467024 0 14157 145 2481326 40 msec
2571708 0 9258 0 2580966 40 msec
3258553 0 18107 35 3276695 53 msec
3343979 0 18482 0 3362461 52 msec
3422500 0 18512 43 3441055 53 msec
2817935 0 13211 0 2831146 44 msec
3058239 0 14690 105 3073034 47 msec
2646813 0 13103 0 2659916 44 msec
3411532 0 17298 19 3428849 52 msec
3686139 0 18558 0 3704697 57 msec
4259785 0 23440 301 4283526 62 msec
3466472 0 15497 0 3481969 56 msec
3863973 0 21151 132 3885256 64 msec
2837984 0 13197 0 2851181 44 msec
4525036 0 24598 22 4549656 69 msec
3387448 0 18365 0 3405813 55 msec
5444700 0 27140 111 5471951 86 msec
3379896 0 14402 0 3394298 52 msec
6355311 0 31564 188 6387063 92 msec
3176949 0 13753 0 3190702 49 msec
3594325 0 19963 501 3614789 57 msec
3632019 0 17185 4 3649208 60 msec
